740.39063, 0, -45.703125, -182510.56
  0, 740.39063, -27.21875, -98688.5
  0, 0, -0.05078125, -121
  0, 0, -0.05078125, -121
721.20618, 0, -173.57628, -164714.45
  -4.7264862, 740.39063, -26.805235, -98142.25
  -0.0088180713, 0, -0.050009768, -119.97004
  -0.0088180713, 0, -0.050009768, -119.97004
680.10822, 0, -296.17538, -146032
  -9.3093605, 740.39063, -25.577257, -97730.07
  -0.01736821, 0, -0.047718767, -119.16886
  -0.01736821, 0, -0.047718767, -119.16886
618.34552, 0, -409.77539, -125330.1
  -13.609375, 740.39063, -23.572128, -97464.5
  -0.025390625, 0, -0.043977853, -118.62083
  -0.025390625, 0, -0.043977853, -118.62083
537.79474, 0, -510.92459, -103378.25
  -17.495876, 740.39063, -20.850773, -97353.625
  -0.03264156, 0, -0.038900696, -118.3426
  -0.03264156, 0, -0.038900696, -118.3426
440.90329, 0, -596.5495, -81458.016
  -20.850773, 740.39063, -17.495876, -97400.766
  -0.038900696, 0, -0.03264156, -118.3426
  -0.038900696, 0, -0.03264156, -118.3426
330.61523, 0, -664.04865, -60050.023
  -23.572128, 740.39063, -13.609375, -97604.508
  -0.043977853, 0, -0.025390625, -118.62083
  -0.043977853, 0, -0.025390625, -118.62083
210.28163, 0, -711.37103, -40369.016
  -25.577257, 740.39063, -9.3093605, -97958.688
  -0.047718767, 0, -0.01736821, -119.16886
  -0.047718767, 0, -0.01736821, -119.16886
83.558701, 0, -737.07867, -22129.492
  -26.805235, 740.39063, -4.7264862, -98452.516
  -0.050009768, 0, -0.0088180713, -119.97004
  -0.050009768, 0, -0.0088180713, -119.97004
-45.703125, 0, -740.39063, -5601.625
  -27.21875, 740.39063, -1.6666678e-015, -99071
  -0.05078125, 0, -3.1094548e-018, -121
  -0.05078125, 0, -3.1094548e-018, -121
-173.57628, 0, -721.20618, 7535.8438
  -26.805235, 740.39063, 4.7264862, -99795.344
  -0.050009768, 0, 0.0088180713, -122.22746
  -0.050009768, 0, 0.0088180713, -122.22746
-296.17538, 0, -680.10822, 17578.172
  -25.577257, 740.39063, 9.3093605, -100603.52
  -0.047718767, 0, 0.01736821, -123.61512
  -0.047718767, 0, 0.01736821, -123.61512
-409.77539, 0, -618.34552, 24245.227
  -23.572128, 740.39063, 13.609375, -101471.01
  -0.043977853, 0, 0.025390625, -125.12083
  -0.043977853, 0, 0.025390625, -125.12083
-510.92459, 0, -537.79474, 26939.602
  -20.850773, 740.39063, 17.495876, -102371.45
  -0.038900696, 0, 0.03264156, -126.69884
  -0.038900696, 0, 0.03264156, -126.69884
-596.5495, 0, -440.90329, 26312.094
  -17.495876, 740.39063, 20.850773, -103277.45
  -0.03264156, 0, 0.038900696, -128.30118
  -0.03264156, 0, 0.038900696, -128.30118
-664.04865, 0, -330.61523, 21600.617
  -13.609375, 740.39063, 23.572128, -104161.48
  -0.025390625, 0, 0.043977853, -129.87915
  -0.025390625, 0, 0.043977853, -129.87915
-711.37103, 0, -210.28163, 13133.906
  -9.3093605, 740.39063, 25.577257, -104996.71
  -0.01736821, 0, 0.047718767, -131.38486
  -0.01736821, 0, 0.047718767, -131.38486
-737.07867, 0, -83.558701, 1263.3359
  -4.7264862, 740.39063, 26.805235, -105757.77
  -0.0088180713, 0, 0.050009768, -132.77254
  -0.0088180713, 0, 0.050009768, -132.77254
-740.39063, 0, 45.703125, -13667.25
  -3.3333355e-015, 740.39063, 27.21875, -106421.5
  -6.2189097e-018, 0, 0.05078125, -134
  -6.2189097e-018, 0, 0.05078125, -134
-721.20618, 0, 173.57628, -31119.141
  4.7264862, 740.39063, 26.805235, -106967.75
  0.0088180713, 0, 0.050009768, -135.02997
  0.0088180713, 0, 0.050009768, -135.02997
-680.10822, 0, 296.17538, -50551.84
  9.3093605, 740.39063, 25.577257, -107379.91
  0.01736821, 0, 0.047718767, -135.83113
  0.01736821, 0, 0.047718767, -135.83113
-618.34552, 0, 409.77539, -71531.211
  13.609375, 740.39063, 23.572128, -107645.48
  0.025390625, 0, 0.043977853, -136.37915
  0.025390625, 0, 0.043977853, -136.37915
-537.79474, 0, 510.92459, -93088.188
  17.495876, 740.39063, 20.850773, -107756.39
  0.03264156, 0, 0.038900696, -136.65741
  0.03264156, 0, 0.038900696, -136.65741
-440.90329, 0, 596.5495, -114977.67
  20.850773, 740.39063, 17.495876, -107709.25
  0.038900696, 0, 0.03264156, -136.65741
  0.038900696, 0, 0.03264156, -136.65741
-330.61523, 0, 664.04865, -136191.31
  23.572128, 740.39063, 13.609375, -107951.73
  0.043977853, 0, 0.025390625, -136.37915
  0.043977853, 0, 0.025390625, -136.37915
-210.28163, 0, 711.37103, -155966.56
  25.577257, 740.39063, 9.3093605, -107530.48
  0.047718767, 0, 0.01736821, -135.83113
  0.047718767, 0, 0.01736821, -135.83113
-83.558701, 0, 737.07867, -174312.94
  26.805235, 740.39063, 4.7264862, -107101.06
  0.050009768, 0, 0.0088180713, -135.02997
  0.050009768, 0, 0.0088180713, -135.02997
45.703125, 0, 740.39063, -190503.13
  27.21875, 740.39063, 5.0000029e-015, -106294
  0.05078125, 0, 9.3283639e-018, -134
  0.05078125, 0, 9.3283639e-018, -134
173.57628, 0, 721.20618, -203482.42
  26.805235, 740.39063, -4.7264862, -105508.58
  0.050009768, 0, -0.0088180713, -132.77254
  0.050009768, 0, -0.0088180713, -132.77254
296.17538, 0, 680.10822, -213581.41
  25.577257, 740.39063, -9.3093605, -104764.78
  0.047718767, 0, -0.01736821, -131.38486
  0.047718767, 0, -0.01736821, -131.38486
409.77539, 0, 618.34552, -220187.53
  23.572128, 740.39063, -13.609375, -103957.73
  0.043977853, 0, -0.025390625, -129.87915
  0.043977853, 0, -0.025390625, -129.87915
510.92459, 0, 537.79474, -222867.72
  20.850773, 740.39063, -17.495876, -102738.57
  0.038900696, 0, -0.03264156, -128.30118
  0.038900696, 0, -0.03264156, -128.30118
596.5495, 0, 440.90329, -221973.88
  17.495876, 740.39063, -20.850773, -101832.56
  0.03264156, 0, -0.038900696, -126.69884
  0.03264156, 0, -0.038900696, -126.69884
664.04865, 0, 330.61523, -217242
  13.609375, 740.39063, -23.572128, -100948.5
  0.025390625, 0, -0.043977853, -125.12083
  0.025390625, 0, -0.043977853, -125.12083
711.37103, 0, 210.28163, -209174.89
  9.3093605, 740.39063, -25.577257, -100600.2
  0.01736821, 0, -0.047718767, -123.61512
  0.01736821, 0, -0.047718767, -123.61512
737.07867, 0, 83.558701, -197420.59
  4.7264862, 740.39063, -26.805235, -99856.422
  0.0088180713, 0, -0.050009768, -122.22746
  0.0088180713, 0, -0.050009768, -122.22746
